Visa,1111111111111110
Visa,1111111111111111
Visa,1111111111111112
Visa,1111111111111113
Visa,1111111111111114
Visa,1111111111111115
Visa,1111111111111116
Visa,1111111111111117
Visa,1111111111111118
Visa,1111111111111119
Visa,2111111111111110
Visa,2111111111111111
Visa,2111111111111112
Visa,2111111111111113
Visa,2111111111111114
Visa,2111111111111115
Visa,2111111111111116
Visa,2111111111111117
Visa,2111111111111118
Visa,2111111111111119
Visa,2111111111111103
Visa,2111111111111113
Visa,2111111111111123
Visa,2111111111111133
Visa,2111111111111143
Visa,2111111111111153
Visa,2111111111111163
Visa,2111111111111173
Visa,2111111111111183
Visa,2111111111111193
visa,3111011111111113
visa,3111111111111113
visa,3111211111111113
visa,3111311111111113
visa,3111411111111113
visa,3111511111111113
visa,3111611111111113
visa,3111711111111113
visa,3111811111111113
visa,3111911111111113
visa,31110111111111
visa,31111111111111
visa,31112111111111
visa,31113111111111
visa,31114111111111
visa,31115111111111
visa,31116111111111
visa,31117111111111
visa,31118111111111
visa,31119111111111
